{
  "version": "1.0",
  "timestamp": "2026-04-08T19:18:15.848556",
  "coordinate_frame": "left_arm_base",
  "charuco_config": {
    "squares_x": 9,
    "squares_y": 9,
    "square_length": 0.03,
    "marker_length": 0.023,
    "dictionary": "DICT_6X6_250"
  },
  "cameras": {
    "left_wrist_camera": {
      "type": "hand_eye",
      "serial_number": 323622272555,
      "intrinsics": {
        "camera_matrix": [
          [
            392.2514343261719,
            0.0,
            325.4306640625
          ],
          [
            0.0,
            391.8363952636719,
            245.66294860839844
          ],
          [
            0.0,
            0.0,
            1.0
          ]
        ],
        "distortion_coeffs": [
          -0.04892629757523537,
          0.05874108895659447,
          -0.0008784090750850737,
          0.00084813276771456,
          -0.020013751462101936
        ],
        "image_size": [
          640,
          480
        ],
        "source": "realsense_sdk_factory_calibration"
      },
      "num_poses_used": 9,
      "hand_eye_calibration": {
        "success": true,
        "rotation_matrix": [
          [
            0.014277806570124119,
            0.9058975266816555,
            0.42325620537873443
          ],
          [
            -0.9998760081251571,
            0.010123535016757668,
            0.012061609115913058
          ],
          [
            0.0066417328496948536,
            -0.42337593837017207,
            0.9059297446236818
          ]
        ],
        "translation_vector": [
          -0.07637651348423917,
          -0.0009258354231646759,
          -0.06805765095050538
        ],
        "rotation_vector": [
          -0.34978978873068617,
          0.33466909128394784,
          -1.5309201651470132
        ],
        "method": "CALIB_HAND_EYE_TSAI"
      }
    },
    "right_wrist_camera": {
      "type": "hand_eye",
      "serial_number": 352122272502,
      "intrinsics": {
        "camera_matrix": [
          [
            391.6842041015625,
            0.0,
            314.4363098144531
          ],
          [
            0.0,
            390.6846923828125,
            240.1067657470703
          ],
          [
            0.0,
            0.0,
            1.0
          ]
        ],
        "distortion_coeffs": [
          -0.05325329303741455,
          0.06048867851495743,
          -0.00037387519842013717,
          0.0005951074999757111,
          -0.02005617879331112
        ],
        "image_size": [
          640,
          480
        ],
        "source": "realsense_sdk_factory_calibration"
      },
      "num_poses_used": 9,
      "hand_eye_calibration": {
        "success": true,
        "rotation_matrix": [
          [
            -0.02147871553977798,
            -0.9012623675161436,
            0.43274104228505644
          ],
          [
            0.999675102866138,
            -0.0253023633621563,
            -0.003078817608413942
          ],
          [
            0.013724193540524232,
            0.43253431691310357,
            0.9015130122212198
          ]
        ],
        "translation_vector": [
          -0.07579022464221169,
          -0.02405241023090818,
          -0.07430855505354564
        ],
        "rotation_vector": [
          0.3589118770232561,
          0.34523780797486764,
          1.5662269604155927
        ],
        "method": "CALIB_HAND_EYE_TSAI"
      }
    },
    "scene_camera": {
      "type": "scene",
      "serial_number": 409122272713,
      "intrinsics": {
        "camera_matrix": [
          [
            391.68621826171875,
            0.0,
            320.0836486816406
          ],
          [
            0.0,
            390.59478759765625,
            241.8878936767578
          ],
          [
            0.0,
            0.0,
            1.0
          ]
        ],
        "distortion_coeffs": [
          -0.05293266102671623,
          0.05882171168923378,
          -0.0003666569828055799,
          0.00014689228555653244,
          -0.018828146159648895
        ],
        "image_size": [
          640,
          480
        ],
        "source": "realsense_sdk_factory_calibration"
      },
      "num_poses_used": 9,
      "extrinsics": {
        "success": true,
        "rotation_matrix": [
          [
            -0.00852550750127275,
            -0.7791872576343256,
            0.626733223359147
          ],
          [
            -0.9977820236312672,
            -0.03474983733203958,
            -0.0567757177294293
          ],
          [
            0.06601779336012971,
            -0.6258271856876286,
            -0.777162778711232
          ]
        ],
        "translation_vector": [
          0.011213020465667967,
          -0.23894915045037657,
          0.43763525767339156
        ],
        "rotation_vector": [
          -1.8650702237998273,
          1.8377488002422704,
          -0.7164458965411801
        ],
        "reference_frame": "left_arm_base"
      }
    }
  },
  "quality_metrics": {
    "overall_success": true,
    "poses_collected": 9,
    "poses_with_detections": 9,
    "detection_rate": 1.0
  },
  "bimanual_transform": {
    "right_base_to_left_base": [
      [
        0.9997955417988339,
        -0.006998286523590865,
        0.018970993250494297,
        -0.0031458679738562605
      ],
      [
        0.007385403194976786,
        0.9997643538935717,
        -0.020413047381936774,
        0.5707070872396685
      ],
      [
        -0.01882366645540131,
        0.020548982201152827,
        0.9996116290398351,
        0.011142283590375026
      ],
      [
        0.0,
        0.0,
        0.0,
        1.0
      ]
    ],
    "computed_from_calibration": true,
    "description": "Transform from right arm base frame to left arm base frame"
  }
}